day	standard	vetted
 		1
-		1
--		1
 15 & 16		1
 IX 		1
(?)		1
(8?)		1
(APRIL?)		1
*		1
/		1
;	0	1
-;	0	1
?		1
??		1
?1	1	1
?11	11	1
?14	14	1
?2		1
?20	20	1
?22	22	1
?24	24	1
?4	4	1
?LATE		1
[ILLEGIBLE]		1
[JULY	0	1
[NO		1
~		1
~20		1
~24	24	1
~5	5	1
0		1
00		1
01	1	1
02	2	1
03	3	1
04	4	1
05	5	1
06	6	1
07	7	1
08	8	1
09	9	1
1	1	1
1 - 2		1
1 - 3		1
1 - 9		1
10	10	1
10 - 11		1
10 - 14		1
10/	10	1
10-12		1
11	11	1
11-	11	1
11 - 12		1
11(OR		1
11/	11	1
1115		1
12	12	1
12 - 13		1
1200		1
13	13	1
1-3	0	1
13 - 14		1
13 - 15		1
13 - 18		1
13.825		1
14	14	1
14 - 15		1
14 - 17		1
14 - 20		1
14/15		1
14-15		1
14-16		1
1418		1
15	15	1
15 - 19		1
15 - 22		1
15 - 27		1
15 & 16		1
15 &16		1
15 -7		1
15&16		1
15-16		1
16	16	1
16 - 17		1
16 - 18		1
16 - 29		1
16 - 5		1
17	17	1
1-7		1
17-	17	1
17 - 18		1
17 - 19		1
17 - 22		1
17/18		1
17-18		1
17-2		1
17N	17	1
18	18	1
18 - 19		1
18 - 20		1
18 - 24		1
18-19-20		1
18-23		1
1838	0	1
1847		1
1852	0	1
1853	0	1
1854	0	1
1858-	0	1
1859	0	1
1864	0	1
1865	0	1
1867	0	1
1870	0	1
1875		1
1876	0	1
1879	0	1
188?	0	1
1880	0	1
1881	0	1
1882	0	1
1883	0	1
1884	0	1
1885	0	1
1886	0	1
1887	0	1
1888	0	1
1889	0	1
1890	0	1
1891	0	1
1892	0	1
1893	0	1
1894	0	1
1895	0	1
1896	0	1
1897	0	1
1898	0	1
1899	0	1
19	19	1
19-		1
19 - 20		1
19 - 21		1
19 - 23		1
19(?)	19	1
1900	0	1
1901	0	1
1902	0	1
1903	0	1
1904	0	1
1905	0	1
1906	0	1
1907		1
1908	0	1
1909	0	1
1910	0	1
1911	0	1
1913	0	1
1914	0	1
1915	0	1
1916	0	1
1917	0	1
1919	0	1
1921	0	1
19-21		1
1922		1
1923	0	1
1924	0	1
1925	0	1
1926	0	1
1928	0	1
1929	0	1
1930	0	1
1931	0	1
1933	0	1
1934	0	1
1935	0	1
1936		1
1937		1
1938	0	1
1939	0	1
1941		1
1942	0	1
1943	0	1
1944	0	1
1945		1
1947		1
1948		1
1949	0	1
1950	0	1
1951	0	1
1952		1
1953	0	1
1954		1
1955	0	1
1957		1
1960	0	1
1961		1
1962	0	1
1963	0	1
1964	0	1
1965	0	1
1966	0	1
1967	0	1
1968		1
1969	0	1
1970		1
1971	0	1
1972	0	1
1973	0	1
1974	0	1
1975		1
1976		1
1977		1
1978	0	1
1979	0	1
198	0	1
1980	0	1
1981	0	1
1982	0	1
1983		1
1984	0	1
1985		1
1986	0	1
1987	0	1
1988		1
1989		1
1990	0	1
1991	0	1
1992	0	1
1993	0	1
1995	0	1
1O	0	1
1ST	1	1
2	2	1
2 - 20		1
2 - 3		1
2 AND 3		1
2/	2	1
2?	2	1
20	20	1
20-	20	1
20 - 21		1
20 - 22		1
20 - 30		1
20 -30		1
2000	0	1
2001	0	1
2002	0	1
2003	0	1
2004	0	1
2011	0	1
2013	0	1
2013 - 07		1
2014	0	1
2015	0	1
21	21	1
21 - 22		1
22	22	1
22 - 23		1
22 - 24		1
22-24		1
23	23	1
23 - 24		1
23 - 25		1
23-24		1
23-25		1
24	24	1
2-4		1
24 - 25		1
24 - 9		1
24/25		1
24-10		1
25	25	1
25 - 6		1
25 -6		1
25-6		1
25TH	25	1
26	26	1
26-		1
26 - 27		1
26/27		1
26-27		1
26-31		1
27	27	1
27 - 28		1
27/28		1
27-31		1
28	28	1
28 - 29		1
2829		1
28-29		1
28-30		1
29	29	1
298		1
2ND	2	1
3	3	1
3 - 24		1
3 - 4		1
3 - 5		1
3 - 9		1
3 AND 4		1
3/	3	1
3;	3	1
30	30	1
30 - 6		1
30-12		1
31	31	1
31-	31	1
31-4		1
33		1
33?		1
3-4		1
35		1
36		1
38		1
3RD	3	1
4	4	1
4/	4	1
41	0	1
4-19		1
4-5		1
49		1
5	5	1
5/6		1
54;	0	1
5-6		1
56-	0	1
6	6	1
6 - 17		1
6 - 7		1
6/	6	1
6-7		1
68		1
7	7	1
7/	7	1
7/13		1
7;	7	1
72;		1
7-8		1
79		1
8	8	1
8-	8	1
8 - 10		1
8 - 17		1
8 - 9		1
8 -24		1
8/	8	1
81-	0	1
810		1
89		1
9	9	1
9-	9	1
9 - 10		1
9 - 11		1
90		1
9-10		1
99		1
A	0	1
ABOUT		1
ABR		1
AP		1
APL		1
APPROX		1
APR		1
APRIL		1
APRIL/	0	1
AROUND		1
AUG		1
AUG?		1
AUGUST		1
BEFORE		1
BETWEEN		1
BETWN		1
BIRTH		1
BORN		1
BORN:		1
BROUGHT	0	1
BTWN		1
BUT	0	1
C		1
CA		1
CAT	0	1
CATALOGUED	0	1
CAUGHT		1
CIRCA		1
COLL		1
COLLECTED		1
COLLECTION		1
DATE	0	1
DATED		1
DEC		1
DECEMBER		1
DIED		1
DON		1
DR		1
EARLT		1
EARLY		1
EASTER		1
EM		1
END		1
EUTH		1
FALL		1
FEB		1
FEBR	0	1
FEBRUARY		1
FEBY		1
FIRST	1	1
FLOR	0	1
FORSYTH		1
FOUND		1
FROM		1
GEAY		1
GIFT		1
GIVEN		1
GOT		1
GUY		1
HERP		1
I		1
II		1
III		1
III/24	24	1
IV		1
IV/17	17	1
IV/5	5	1
IV54	0	1
IX		1
JAN		1
JAN?)		1
JANUARY		1
JANY		1
JAN'Y		1
JN8	0	1
JUL		1
JULY		1
JUN		1
JUNE		1
KILLED		1
LAST		1
LATE		1
LATER		1
LATTER		1
LL		1
LONG		1
LT		1
M		1
MAR		1
MARCH		1
MAY		1
MAY;	0	1
MAYO		1
MCH		1
MD		1
MID		1
MIDDLE		1
NECROPCIED		1
NO		1
NOV		1
NOV;	0	1
NOVEMBER		1
NOVIEMBRE		1
O4	4	1
OC	0	1
OCT		1
OCTOBER		1
ONE	0	1
OUT		1
PARENTS:		1
PREPARED	0	1
PRIOR		1
PROB		1
PROBABLY		1
PURCHASED		1
R		1
RC'D		1
REC		1
REC'D	0	1
RECEIVED		1
SENT		1
SEP		1
SEP 1839	0	1
SEPT		1
SEPTEMBER		1
SEPTEMBRE		1
SET		1
SKELETONIZED	0	1
SPRING		1
SUMMER		1
TRAP		1
ULY	0	1
V		1
V/12	12	1
VI	6	1
VI/2	2	1
VII		1
VIII		1
WINTER		1
WK		1
X		1
XI	11	1
XII		1
XX		1
